P0: 621.0000000000001 0.0 621.0 0.0 0.0 621.0000000000001 187.5 0.0 0.0 0.0 1.0 0.0 
P1: 621.0000000000001 0.0 621.0 0.0 0.0 621.0000000000001 187.5 0.0 0.0 0.0 1.0 0.0 
P2: 621.0000000000001 0.0 621.0 37.260000000000005 0.0 621.0000000000001 187.5 0.0 0.0 0.0 1.0 0.0 
P3: 621.0000000000001 0.0 621.0 -298.08000000000004 0.0 621.0000000000001 187.5 0.0 0.0 0.0 1.0 0.0 
R0_rect: 1.0 0.0 0.0 0.0 1.0 0.0 0.0 0.0 1.0 
Tr_velo_to_cam: 0 -1 0 0 0 0 -1 0 1 0 0 0